0.0213505
0.0352504
0.024699
0.030378
0.020289
0.0330695
0.0269425
0.0403591
0.0186088
0.0201292
0.0207298
0.0386684
0.0332133
0.0505506
0.0440048
0.0626779
0.0724624
0.0421145
0.0440428
0.017952
0.0576785
0.0210375
0.0559795
0.0343108
0.0612633
0.0335667
0.0513408
0.032423
0.0414139
0.0297426
0.0317516
0.0246577
0.03499
0.0224459
0.0172865
0.0212084
0.0163026
0.0178672
0.0147714
0.0158018
0.0104023
0.013037
0.0131739
0.0152258
0.0213787
0.0283829
0.0360969
0.0323533
0.0451786
0.0337634
0.0234607
0.0207748
0.0319146
0.0241774
0.0250863
0.0255155
0.0215821
0.0141256
0.0133268
0.0106203
0.00743559
0.0102036
0.00975308
0.0102703
0.0149412
0.0164765
0.0177506
0.0143794
0.0192095
0.0155663
0.0204279
0.0180937
0.0218569
0.0127913
0.0170791
0.017003
0.0149026
0.0146967
0.0198295
0.0322582
0.0261459
0.0199709
0.0204132
0.0135222
0.0244585
0.0198641
0.0206903
0.0195285
0.0210476
0.0279053
0.0297982
0.0242328
0.0343108
0.0210375
0.0492778
0.0666452
0.166586
0.0982541
0.0757919
0.190217
0.0640237
0.123268
0.0673148
0.0494517
0.0363216
0.0393411
0.0350814
0.0567133
0.0570693
0.079685
0.121737
0.111214
0.120607
0.0935163
0.0990609
0.0863926
0.106995
0.0613614
0.0979378
0.0419962
0.0467405
0.0360522
0.0243279
0.0187396
0.0152872
0.0304969
0.0388735
0.0456673
0.0351867
0.0299473
0.031117
0.037244
0.0384081
0.0708992
0.0523945
0.062358
0.0674115
0.0700909
0.0691445
0.0730651
0.0700307
0.0691915
0.0488546
0.0792265
0.0495237
0.049399
0.0498147
0.042299
0.0699175
0.0868603
0.110727
0.146745
0.118898
0.15064
0.151007
0.130262
0.143927
0.096311
0.0772156
0.080338
0.0521561
0.0343655
0.022415
0.0166105
0.0149725
0.0168651
0.0151229
0.0182248
0.0159307
0.0213647
0.0215365
0.0266424
0.0290133
0.0229494
0.0236669
0.0179077
0.0229761
0.0170515
0.021482
0.0160967
0.020604
0.0142224
0.0211743
0.0160324
0.0225199
0.0173691
0.0231938
0.0183121
0.0180427
0.0203968
0.0179701
0.033316
0.0250998
0.0204873
0.0353594
0.0379109
0.0831396
0.0634714
0.0785493
0.0794881
0.0620887
0.0374035
0.0616429
0.0543509
0.0287578
0.0288145
0.0376249
0.0604323
0.0373201
0.0511348
0.0400367
0.0164501
0.0169104
0.0231812
0.0161185
0.0275822
0.0165309
0.0181604
0.0175402
0.0316419
0.0188397
0.0212702
0.0201352
0.021482
0.0251876
0.0230976
0.0193455
0.0177925
0.0168651
0.0147797
0.0151229
0.0247019
0.0398347
0.0539058
0.0610247
0.06051
0.0753993
0.0798329
0.0968133
0.125643
0.106928
0.0777631
0.020604
0.0256445
0.023523
0.020085
0.0193455
0.0182248
0.0159307
0.0152086
0.00968259
0.016068
0.00699375
0.069101
0.00815084
0.00698427
0.00968253
0.0160676
0.0152086
0.0240537
0.0398347
0.0381039
0.0247019
0.0539058
0.0335415
0.0808041
0.0521561
0.076402
0.0570601
0.0570774
0.0456997
0.0507157
0.0324935
0.0455576
0.0323569
0.0660225
0.0532916
0.0486749
0.0473058
0.0450306
0.0642121
0.0889073
0.0779425
0.171049
0.19569
0.0790851
0.0627192
0.0423681
0.0540862
0.0377123
0.0410784
0.0291695
0.0407424
0.0369314
0.0731914
0.0625684
0.116014
0.0651007
0.147335
0.0765765
0.135797
0.0956889
0.128685
0.0920803
0.131222
0.0901026
0.071387
0.0421718
0.0484836
0.0353515
0.0305208
0.033278
0.0337566
0.0380127
0.0305914
0.061144
0.0360437
0.0392249
0.0235441
0.0394356
0.0296902
0.0644383
0.0391575
0.0296902
0.0532782
0.0419103
0.0578678
0.0393638
0.0415503
0.0401497
0.0403592
0.0191809
0.0186088
0.0210389
0.0235828
0.0189114
0.0177678
0.0221266
0.0203249
0.0169162
0.0436452
0.0338467
0.0539907
0.037994
0.0349671
0.0330695
0.0296875
0.030378
0.0332592
0.0352504
0.0338333
0.0586557
0.0518109
0.0961232
0.0616269
0.130006
0.0978486
0.121711
0.11875
0.093965
0.0882123
0.0935278
0.172859
0.153412
0.303401
0.220483
0.174325
0.100684
0.0793627
0.100686
0.0740311
0.0811058
0.0622846
0.0819485
0.0812031
0.0849617
0.08801
0.110503
0.119421
0.169329
0.112796
0.0852549
0.0975547
0.046371
0.0309478
0.0311846
0.0349411
0.0672527
0.109042
0.175802
0.185891
0.256264
0.172027
0.215389
0.177099
0.18742
0.147625
0.157952
0.116554
0.152159
0.104126
0.10835
0.0962679
0.0752921
0.0944893
0.0353522
0.0568499
0.062015
0.0306806
0.0618692
0.0969094
0.101787
0.123388
0.0619939
0.0623819
0.113809
0.169594
0.223016
0.147543
0.0887092
0.130413
0.111202
0.111092
0.0374002
0.0210974
0.024699
0.0245805
0.0198641
0.0206903
0.0195285
0.0210476
0.0279053
0.0297982
0.0242328
0.0213366
0.0193541
0.0202889
0.0269425
0.0261031
0.0226005
0.0235989
0.0321227
0.026831
0.0321189
0.0426656
0.0195414
0.0393922
0.0838129
0.0409835
0.143773
0.0373552
0.0608529
0.0277658
0.0321413
0.0682446
0.0953335
0.149364
0.0879522
0.126602
0.0764378
0.114965
0.168967
0.0484753
0.0246511
0.0170919
0.017573
0.0298536
0.0287793
0.0307656
0.0243601
0.0291309
0.0209936
0.0201711
0.0269041
0.0289547
0.0367723
0.0248818
0.0143832
0.0186834
0.0176544
0.0204105
0.0175224
0.0233409
0.0301176
0.024912
0.0298823
0.0240819
0.0290472
0.0215365
0.0266424
0.0213647
0.0251876
0.0230976
0.0256445
0.023523
0.0265747
0.0236278
0.0273771
0.0265747
0.02252
0.0211743
0.0193541
0.0213366
0.0201957
0.0175085
0.0235828
0.018009
0.0174288
0.0454025
0.0189114
0.0220991
0.0416596
0.0720644
0.0332592
0.0296875
0.0349671
0.0360437
0.0235441
0.0392249
0.0394356
0.0600416
0.0676334
0.0599712
0.0615954
0.0555515
0.0623556
0.0494317
0.0606073
0.0407771
0.0510314
0.0424587
0.0430831
0.0377221
0.0540146
0.0424113
0.0346183
0.0295128
0.0162717
0.0153587
0.0100749
0.0161321
0.011813
0.0142671
0.0101093
0.014687
0.00678405
0.014562
0.00773683
0.012994
0.010893
0.0141884
0.0135776
0.0174711
0.0161598
0.0236134
0.0173174
0.016719
0.0103525
0.00784604
0.00692913
0.00886852
0.00804297
0.00903409
0.00570963
0.00701734
0.00756581
0.00803452
0.0125607
0.0114631
0.0109807
0.0126841
0.0086895
0.00758916
0.00618562
0.00720829
0.00696823
0.0101296
0.00766329
0.0110931
0.00500293
0.0047501
0.00426785
0.00732035
0.00472386
0.00538016
0.00562154
0.00559731
0.00783354
0.0128995
0.00825999
0.0104988
0.00921164
0.0128266
0.010931
0.012604
0.00742885
0.0107841
0.0136175
0.0123515
0.009006
0.00769098
0.00841255
0.0084357
0.00632683
0.00956277
0.00579659
0.00736295
0.00618562
0.00720829
0.00758916
0.00636289
0.00877254
0.00941787
0.0124321
0.00914484
0.00769098
0.00847016
0.0084357
0.00632683
0.00934935
0.00579659
0.00856739
0.00804521
0.00753989
0.0066427
0.00547073
0.00718937
0.00855304
0.0117926
0.010893
0.0135776
0.0143062
0.01748
0.0259017
0.0222024
0.0275297
0.0221283
0.0236359
0.0249127
0.0262867
0.0153045
0.025457
0.0174084
0.0224363
0.0218084
0.0162207
0.0101229
0.00858284
0.0105385
0.0124699
0.0126573
0.00812857
0.00709173
0.00756581
0.00570963
0.00934981
0.00804297
0.00759625
0.00692913
0.00753366
0.0103525
0.0109296
0.0174592
0.0161598
0.008961
0.0101091
0.00517288
0.00444831
0.008941
0.00636289
0.00618652
0.00674825
0.0170002
0.00784604
0.008934
0.00912814
0.021124
0.0225317
0.0204942
0.0138821
0.019742
0.0124867
0.030278
0.0155758
0.0366477
0.0143555
0.0274156
0.0132714
0.0281356
0.016799
0.0268825
0.0160441
0.0193906
0.0133222
0.0110224
0.00855452
0.00859861
0.0104278
0.0112887
0.0111371
0.0207532
0.0149067
0.0242677
0.0130167
0.0205904
0.0215085
0.0269245
0.0350008
0.0239776
0.0313386
0.0213609
0.0310991
0.0217897
0.0138266
0.0317916
0.0120094
0.0179104
0.00937195
0.01329
0.00798552
0.00992056
0.00550323
0.00576575
0.00461731
0.00814886
0.00520336
0.00703489
0.00393129
0.00465279
0.00328194
0.00603595
0.00263084
0.00723445
0.00287167
0.00750417
0.00683713
0.00458337
0.00485295
0.00410546
0.0134584
0.0116494
0.0275297
0.0257356
0.0183333
0.0152852
0.0343172
0.0305914
0.0337566
0.0380127
0.0284124
0.0566219
0.0455818
0.0485127
0.0363382
0.0693443
0.0485688
0.0908657
0.0529681
0.0563805
0.0350435
0.0265135
0.0262515
0.0114423
0.0386964
0.0293901
0.0956889
0.0765765
0.135797
0.147335
0.17382
0.203489
0.195781
0.17227
0.100183
0.0687317
0.125636
0.116014
0.0651007
0.0394529
0.0587337
0.0874364
0.107812
0.0952107
0.0943007
0.0501972
0.0453342
0.0319785
0.0360592
0.029238
0.0424284
0.040165
0.0569084
0.0543722
0.0513789
0.0441342
0.0568005
0.047892
0.0447069
0.0361694
0.0513393
0.0281356
0.0308218
0.0351799
0.061144
0.0430471
0.04644
0.0540428
0.0522735
0.0380617
0.0271208
0.0347189
0.0290024
0.0282966
0.0363331
0.0390868
0.0484836
0.0726483
0.0542523
0.0616269
0.0518319
0.0961232
0.0592118
0.111092
0.0374002
0.0317183
0.0178471
0.0176544
0.0186966
0.0260735
0.0330606
0.0616997
0.0226335
0.0305623
0.0206958
0.0268927
0.0251575
0.0317617
0.0303046
0.0369303
0.0303905
0.0280011
0.0243601
0.024807
0.0271789
0.0341797
0.0273611
0.0263568
0.0169687
0.0242657
0.0157985
0.0186558
0.0175948
0.0193062
0.0204399
0.0237925
0.0237256
0.0204709
0.015635
0.0218903
0.0279544
0.0233927
0.0270358
0.0196599
0.0160262
0.0115083
0.0264333
0.0243548
0.03018
0.0296282
0.0428308
0.0227469
0.0181032
0.0211599
0.0285492
0.0152624
0.0204132
0.0135222
0.0149026
0.017003
0.0102103
0.0103745
0.00819507
0.00958726
0.0109875
0.0126299
0.0154052
0.0130767
0.013037
0.0104023
0.0147714
0.0150238
0.0168102
0.0132559
0.016824
0.0190321
0.0342895
0.0265237
0.029074
0.0261976
0.0215523
0.0234627
0.033381
0.0282622
0.0457257
0.0259716
0.0232103
0.0279335
0.0192591
0.0217236
0.0281089
0.0199846
0.0165382
0.0158018
0.0178672
0.0212084
0.015787
0.0233894
0.0209936
0.0285002
0.024015
0.0204279
0.0218569
0.0180937
0.0202483
0.0201711
0.0269041
0.0289547
0.0322534
0.035752
0.0277725
0.0319981
0.0257681
0.0334307
0.0278544
0.0235616
0.0290674
0.0496604
0.0920803
0.128685
0.151799
0.230892
0.166269
0.169411
0.127663
0.168337
0.100558
0.0946627
0.0796008
0.0857376
0.031117
0.0299473
0.037244
0.0332602
0.0343879
0.0480302
0.0462666
0.0577329
0.0484225
0.0219271
0.0178556
0.00999538
0.0158736
0.00725912
0.0180221
0.00628821
0.0187064
0.00542519
0.032085
0.00686574
0.0473022
0.00879945
0.00862674
0.00524386
0.00447292
0.00671795
0.00519811
0.00624439
0.00873081
0.00511718
0.00307418
0.00381597
0.00413747
0.00498297
0.0351867
0.062015
0.038458
0.0325386
0.0312859
0.0165005
0.0187396
0.0199302
0.0360522
0.0481886
0.0400477
0.0979378
0.0700894
0.106995
0.0868653
0.0990609
0.095036
0.120607
0.112227
0.121233
0.0794549
0.0582297
0.0709802
0.0396784
0.0497939
0.0349877
0.0673148
0.0339954
0.0322199
0.075292
0.0962679
0.0950475
0.101787
0.0953894
0.185891
0.109042
0.175802
0.0672527
0.113809
0.0514076
0.0612322
0.0307795
0.046371
0.0495237
0.0498147
0.0543383
0.0363367
0.107685
0.0868603
0.125643
0.146745
0.0968133
0.15064
0.0798329
0.130262
0.0753993
0.06051
0.0610247
0.0627448
0.0622011
0.0627448
0.049626
0.0375174
0.0379319
0.0314982
0.0330392
0.0454186
0.0314982
0.0372262
0.0359605
0.0437736
0.0509871
0.0727186
0.0971818
0.0917194
0.112406
0.0906406
0.0780292
0.0792265
0.0488546
0.0295658
0.0627929
0.0559901
0.0434054
0.0427065
0.0407233
0.0375174
0.0379319
0.049626
0.0429841
0.0956451
0.144939
0.151007
0.123061
0.0812031
0.0694874
0.0622846
0.0558261
0.0740311
0.0937767
0.0793627
0.121719
0.174325
0.333214
0.303401
0.311402
0.172859
0.173894
0.0906893
0.154478
0.116608
0.130525
0.124415
0.0977957
0.130006
0.0904099
0.115296
0.0719219
0.0488582
0.0652487
0.0481626
0.0516657
0.106741
0.0593771
0.0658849
0.118898
0.110727
0.0699175
0.0819485
0.0849617
0.08801
0.110503
0.119421
0.169594
0.169329
0.222787
0.112533
0.142784
0.0872821
0.0887092
0.0975546
0.130413
0.111202
0.093965
0.0917605
0.256264
0.172027
0.123388
0.10835
0.213984
0.176801
0.14667
0.104126
0.0811058
0.100686
0.100684
0.220483
0.153392
0.0353522
0.0568342
0.0629834
0.0674115
0.0691445
0.0700909
0.0768222
0.0820292
0.0743427
0.0752279
0.0601673
0.0590336
0.0618692
0.0349411
0.0700307
0.0667596
0.052124
0.0431271
0.0430301
0.0383262
0.0267255
0.0264897
0.0191912
0.0152117
0.0233316
0.0215383
0.0205253
0.0237526
0.0175281
0.0180675
0.013845
0.0178777
0.0252873
0.0237933
0.0300965
0.0166868
0.0190146
0.01513
0.0136313
0.00946281
0.00542646
0.0112916
0.00903152
0.010656
0.0110669
0.0157014
0.0155138
0.028422
0.0229804
0.0297201
0.0263389
0.0357966
0.0196789
0.0496451
0.0369441
0.0452364
0.0403143
0.057041
0.0690553
0.0845627
0.0905992
0.0876184
0.0867337
0.0800693
0.0670957
0.0704668
0.0391927
0.0392256
0.0302325
0.0371444
0.023727
0.0224272
0.0200028
0.0157805
0.0375886
0.0491433
0.046309
0.0435022
0.0193508
0.0234879
0.0213438
0.0164091
0.0199335
0.0189888
0.0186893
0.0184938
0.0112648
0.0163495
0.0112426
0.0159477
0.0143528
0.0202811
0.0232014
0.0256421
0.0254761
0.0343785
0.0228349
0.039541
0.0260415
0.0467862
0.0305523
0.0321498
0.0276553
0.0253376
0.0119603
0.0136547
0.0103179
0.0141603
0.0155258
0.0163065
0.0174835
0.0151906
0.0168052
0.0223251
0.0316383
0.0214206
0.0357748
0.0269403
0.0161466
0.0229393
0.0241467
0.019629
0.0339494
0.0157146
0.020768
0.0136582
0.024042
0.0132802
0.0253952
0.01913
0.0260394
0.0216973
0.0274254
0.0162416
0.0169435
0.0214672
0.0238442
0.0295605
0.0303476
0.0422285
0.0401723
0.0427223
0.0360089
0.0589287
0.0681668
0.081753
0.0902385
0.0681668
0.109625
0.0770531
0.032085
0.0187064
0.00542519
0.00628821
0.00307418
0.00511718
0.00671795
0.00624438
0.00519811
0.00873081
0.00761165
0.0172125
0.0347576
0.121479
0.0473022
0.11308
0.0347576
0.0172125
0.00761165
0.0450643
0.0151545
0.0399495
0.00851323
0.00814768
0.00434043
0.00480122
0.00736757
0.00595149
0.00618544
0.0113225
0.00939306
0.0406157
0.0338563
0.0957707
0.0226044
0.0489525
0.047897
0.0585805
0.027181
0.0172745
0.0161018
0.0144565
0.0346587
0.0201633
0.0221583
0.0237031
0.0219368
0.033531
0.0443439
0.0362403
0.028446
0.0853746
0.0723541
0.113708
0.0782712
0.122253
0.115085
0.185094
0.182759
0.227516
0.185282
0.144268
0.113044
0.0836329
0.0651877
0.028446
0.0419016
0.0518155
0.033531
0.0495529
0.0237031
0.0237765
0.0201633
0.0259874
0.0144565
0.0143955
0.0172745
0.0575441
0.027181
0.047897
0.0345597
0.0484946
0.057628
0.0577329
0.0480302
0.0462666
0.0343879
0.052124
0.143355
0.12103
0.185662
0.155804
0.120327
0.163789
0.106327
0.0671622
0.116354
0.106489
0.0544566
0.0237765
0.0259874
0.0143955
0.12298
0.146224
0.0640237
0.0757919
0.0429291
0.0481815
0.0334602
0.03053
0.0740015
0.0496353
0.0667573
0.0881673
0.0406157
0.0338563
0.0226044
0.0111452
0.025585
0.00976699
0.0119101
0.00690623
0.00769896
0.00581608
0.00851323
0.00434043
0.00814768
0.00480122
0.00595149
0.00736757
0.00618544
0.0050558
0.00939306
0.0113225
0.0399495
0.0450643
0.0219271
0.0484225
0.0178556
0.0430301
0.0158736
0.0180221
0.00725912
0.00999538
0.0431962
0.0431271
0.046309
0.0435022
0.0391927
0.0304119
0.0392256
0.0371649
0.0403143
0.0370207
0.0452364
0.0496451
0.0415808
0.0496853
0.0296071
0.0389815
0.0278473
0.0400481
0.0465531
0.0414925
0.0597849
0.0360089
0.0610081
0.072379
0.0557325
0.0793319
0.0523095
0.0786861
0.049622
0.0683589
0.0676807
0.0953957
0.0734845
0.11455
0.100273
0.0734132
0.0599806
0.0440152
0.028054
0.0514457
0.0378477
0.0415461
0.0526721
0.0505794
0.0752731
0.0744072
0.0817334
0.0612645
0.0704138
0.0587048
0.0588961
0.0562536
0.0601903
0.051098
0.067759
0.049622
0.0523095
0.0555477
0.0612916
0.0414884
0.0458867
0.0341068
0.0278473
0.0271339
0.0417027
0.0317295
0.0381553
0.0496853
0.0296071
0.0389815
0.0393819
0.0298942
0.0275639
0.0403414
0.0379972
0.0492292
0.0436161
0.0381292
0.0355795
0.0386663
0.0300365
0.0414884
0.0379972
0.0403414
0.0514948
0.0270798
0.0341068
0.035434
0.0436161
0.0381292
0.0492292
0.0562536
0.0602463
0.0534545
0.0415537
0.0599807
0.052745
0.0878645
0.0692547
0.0702421
0.0493368
0.0692547
0.0447153
0.0595782
0.0355311
0.0399705
0.0362555
0.0467211
0.0399705
0.0338639
0.0607021
0.0437736
0.0727186
0.0509871
0.0971818
0.0627929
0.114056
0.0902959
0.0590336
0.0601673
0.0752279
0.0745348
0.0831635
0.0867337
0.0905992
0.0690553
0.057041
0.0383988
0.052745
0.00720287
0.0224118
0.0210612
0.0151545
0.00686574
0.00381597
0.0770531
0.0196401
0.0192141
0.0213046
0.0375435
0.0456673
0.057628
0.0345597
0.0484946
0.0224118
0.025585
0.0119101
0.00976699
0.00690623
0.00720287
0.0050558
0.0111452
0.0295271
0.0210612
0.00769896
0.00581608
0.0361599
0.0753981
0.0925215
0.0607021
0.0873647
0.0637632
0.0675671
0.0520957
0.0679747
0.0664821
0.0338639
0.0372262
0.0359605
0.0427065
0.0407233
0.0559901
0.0434054
0.0374644
0.0447153
0.0355311
0.0595782
0.0168085
0.0142097
0.0170791
0.0130717
0.0152601
0.00878665
0.00497214
0.0133268
0.0106203
0.0140131
0.0146967
0.0198525
0.0199709
0.0261459
0.0327672
0.0357576
0.0301907
0.0145645
0.017682
0.0227941
0.0248726
0.0241801
0.0318494
0.0207748
0.0234607
0.0252181
0.0322582
0.0276145
0.0232826
0.033702
0.0433383
0.0246577
0.0317516
0.039909
0.0457482
0.0419575
0.0157141
0.0160808
0.0187179
0.0299541
0.0202847
0.0169661
0.0230724
0.0245464
0.0273168
0.0378485
0.0327151
0.0606309
0.0659083
0.0953335
0.152135
0.149364
0.16076
0.185858
0.116554
0.05862
0.0355389
0.0255548
0.0321189
0.0248818
0.0170919
0.0195414
0.0143832
0.0393922
0.0406778
0.0838129
0.143773
0.0426656
0.0879522
0.0277087
0.00839216
0.017531
0.0276139
0.019647
0.0481524
0.0344713
0.0416425
0.0505537
0.0392113
0.0428272
0.0549542
0.0479833
0.0494928
0.0209214
0.0178939
0.0148114
0.0380395
0.0153845
0.0297002
0.0118058
0.0123177
0.00891604
0.00852302
0.0104076
0.00935382
0.0112568
0.0128329
0.0140019
0.0128783
0.0160437
0.00729909
0.0093493
0.00628491
0.00755813
0.00579627
0.0117431
0.00870824
0.0131591
0.00794803
0.0114721
0.00890495
0.0109414
0.00880796
0.0167786
0.00500713
0.00619341
0.0030928
0.00693562
0.00470463
0.00783104
0.00509735
0.00810545
0.012287
0.0148654
0.0182426
0.02385
0.0222967
0.0316201
0.0246854
0.0185318
0.0151247
0.013461
0.0108701
0.00987612
0.0116549
0.017257
0.0192131
0.00925046
0.00760604
0.00988716
0.0107991
0.00884973
0.0121678
0.0107551
0.00827323
0.0154635
0.0123835
0.0167944
0.00867494
0.0149384
0.0297421
0.0300083
0.0235896
0.0387491
0.0389253
0.0210537
0.0290592
0.0276037
0.0299598
0.0331978
0.0346199
0.0405904
0.0313884
0.0191917
0.0131273
0.00759484
0.0119819
0.00940263
0.0107991
0.0099889
0.00988716
0.00549707
0.00760604
0.0185594
0.0195743
0.0086917
0.0139304
0.0161192
0.0147296
0.0147788
0.00791615
0.0327712
0.00898705
0.02522
0.0131187
0.0181553
0.0151247
0.0185318
0.0114721
0.0108441
0.00890495
0.00927471
0.00575736
0.00537946
0.00349033
0.0030928
0.00425406
0.00655864
0.00530905
0.00760279
0.00579627
0.00678072
0.00687724
0.00983339
0.0101287
0.0116353
0.017257
0.0159374
0.00925045
0.0112568
0.0104076
0.00891604
0.00884973
0.0118058
0.0121678
0.0153845
0.0148114
0.0393706
0.0178939
0.0217765
0.0494585
0.055221
0.0549542
0.0621173
0.0554152
0.0746875
0.0669841
0.0995413
0.0720928
0.0991199
0.072334
0.0409304
0.0266052
0.0377221
0.0350391
0.0424113
0.0374322
0.0295128
0.0236762
0.0153587
0.0161321
0.0100749
0.011813
0.0101093
0.00426485
0.0107263
0.00773683
0.012994
0.014562
0.030973
0.0239776
0.0350008
0.0269245
0.0215085
0.0205904
0.0130167
0.0242677
0.0149067
0.0207841
0.0107702
0.0115491
0.0168924
0.0116494
0.0121499
0.0134584
0.00505752
0.00698018
0.00331491
0.0031165
0.00419219
0.00409399
0.00418011
0.00426419
0.00363902
0.0037707
0.00343545
0.0012579
0.00263853
0.0036966
0.00281107
0.00310963
0.00442796
0.00361109
0.00261196
0.00287764
0.00325365
0.00393243
0.00397316
0.00512945
0.0136571
0.0140852
0.0247544
0.0183333
0.0295355
0.0200198
0.0114748
0.0314267
0.010099
0.0175222
0.00888177
0.0128473
0.0138417
0.0187077
0.0051824
0.00554961
0.00518989
0.00459496
0.00814886
0.00576575
0.0124214
0.00560367
0.00990694
0.00442638
0.0152852
0.00678405
0.014687
0.0311871
0.0142671
0.0241259
0.0361785
0.0269128
0.0297041
0.0261513
0.0151193
0.0105008
0.00859861
0.00855452
0.0133222
0.0160441
0.0170893
0.00556152
0.00484293
0.00342705
0.0040206
0.0036002
0.00707325
0.0155758
0.0300446
0.0200058
0.0484566
0.0484179
0.0356032
0.0286842
0.0323746
0.0158864
0.020234
0.0199348
0.0139647
0.0172638
0.00828652
0.0084193
0.00926527
0.00731829
0.0132545
0.0128265
0.0144248
0.0104289
0.0142133
0.014196
0.0124282
0.0122916
0.00970726
0.0105381
0.0131799
0.0110623
0.0102553
0.00579879
0.00500012
0.00560556
0.00432163
0.00491241
0.00479467
0.00606178
0.00536568
0.00411596
0.00762131
0.00463813
0.0188215
0.00920613
0.0127898
0.00699691
0.00760992
0.00762331
0.00668181
0.00963824
0.00495527
0.0059584
0.0121816
0.0108391
0.0105867
0.0101543
0.00982618
0.00951648
0.00619067
0.00923389
0.00726024
0.0119813
0.0101292
0.0116211
0.010292
0.0137608
0.014714
0.013836
0.0137123
0.0189125
0.0134018
0.0119847
0.0098981
0.00960022
0.00834716
0.00988296
0.00927522
0.00520745
0.00475732
0.0131686
0.0179379
0.016323
0.0171034
0.0136452
0.0217639
0.0366079
0.0367785
0.0136421
0.0137204
0.0281356
0.0274994
0.0312943
0.00941805
0.0146112
0.0139824
0.0113165
0.00689695
0.00474044
0.00779806
0.00636064
0.00521982
0.00468838
0.00705774
0.00664945
0.0104097
0.00540894
0.00733311
0.00431027
0.00605933
0.0121589
0.0173377
0.0087714
0.012149
0.012518
0.0137108
0.0100199
0.0158752
0.0265445
0.0202576
0.0190342
0.00765653
0.0154269
0.00780518
0.014832
0.00582722
0.0137555
0.0105583
0.0084913
0.0347079
0.0163346
0.021948
0.0124131
0.0119977
0.00750089
0.0128995
0.0104988
0.00825999
0.00921164
0.00718937
0.012705
0.0179464
0.01212
0.00750089
0.0781506
0.0502757
0.0282886
0.0131871
0.0247966
0.0342738
0.0485746
0.0321338
0.0321551
0.0288343
0.0321032
0.0288072
0.035756
0.0147893
0.0259613
0.0172072
0.0106828
0.00862628
0.00933306
0.00885446
0.0190342
0.00765653
0.0202576
0.0176202
0.0326296
0.0227859
0.0235896
0.0300083
0.0313563
0.0163914
0.02385
0.0126247
0.0154635
0.0128329
0.0115761
0.0146097
0.0081264
0.00782324
0.0148654
0.00935382
0.00852302
0.0129972
0.0293213
0.029867
0.014642
0.00870816
0.0253883
0.0230051
0.015111
0.00835625
0.00607171
0.0182426
0.0113494
0.0124391
0.0130276
0.0197014
0.0110224
0.0193906
0.0268825
0.0265445
0.0158752
0.00603228
0.00967687
0.0133989
0.0138061
0.014172
0.0131924
0.0142142
0.012149
0.0124282
0.00951648
0.0101543
0.010269
0.0105867
0.0104569
0.0087714
0.00737227
0.00705498
0.0130469
0.00760992
0.0188215
0.0105583
0.0084913
0.00665413
0.00465132
0.00631945
0.00362949
0.00420626
0.00448797
0.00504941
0.00546456
0.00613636
0.00411596
0.00431027
0.00529871
0.00681721
0.0050249
0.00858887
0.00762131
0.0115178
0.00927675
0.00762331
0.013836
0.013815
0.0146516
0.0101987
0.0115832
0.00681229
0.0049626
0.00779647
0.00638188
0.00728281
0.00517991
0.00619067
0.00641099
0.00923389
0.0116046
0.0102684
0.0114153
0.0126788
0.0193708
0.0200704
0.03822
0.0482585
0.0438952
0.0392113
0.0449346
0.0504851
0.058936
0.0209214
0.0140921
0.0064642
0.00889064
0.00965408
0.0104171
0.013461
0.0121604
0.0131591
0.00870824
0.00794803
0.00456078
0.01925
0.0200704
0.0133848
0.0140921
0.0114689
0.0130813
0.00759484
0.019239
0.00439754
0.00479064
0.00727485
0.0145527
0.0146595
0.0144676
0.00479064
0.00439754
0.00727485
0.00593175
0.00953202
0.0119847
0.00993284
0.0134018
0.00908957
0.0126689
0.0128693
0.0138986
0.00981807
0.0103776
0.0131799
0.0110623
0.0102553
0.00560804
0.00500012
0.00562211
0.00603905
0.00468838
0.00940978
0.0121816
0.0108391
0.0139669
0.00879919
0.00998732
0.0100453
0.00927522
0.00520745
0.00475732
0.0130945
0.00847511
0.00742022
0.0128265
0.00851032
0.00917151
0.0136611
0.00748799
0.0137123
0.0174449
0.0137932
0.00940263
0.00593175
0.0099889
0.00748799
0.00549707
0.0195881
0.0292719
0.0285407
0.0304463
0.0481672
0.0352286
0.0416425
0.0492074
0.0394065
0.0217957
0.0485969
0.0573808
0.061901
0.0616655
0.0665189
0.0650189
0.0572199
0.0371031
0.0420089
0.0625684
0.0597799
0.0367253
0.0275033
0.0265286
0.0293011
0.0385931
0.0279435
0.0379882
0.0571517
0.060081
0.0485969
0.0449346
0.0554152
0.0621402
0.0548994
0.0486555
0.0326344
0.0321551
0.0288343
0.0306998
0.029633
0.0153783
0.0357541
0.0247966
0.0342738
0.0374322
0.0236762
0.0241259
0.0311871
0.0361785
0.0269128
0.0297041
0.0259613
0.0261513
0.0172072
0.0151193
0.0111363
0.00897315
0.0175333
0.00657192
0.0172979
0.00963493
0.0197014
0.0214746
0.0122033
0.036167
0.0353502
0.0211269
0.0230952
0.0175427
0.0109845
0.00707983
0.00965408
0.0112287
0.0064642
0.00797716
0.0147296
0.00791615
0.00889064
0.0350391
0.0266052
0.0354019
0.0409304
0.0453342
0.072334
0.0943007
0.0991199
0.107812
0.0995413
0.0874364
0.0720928
0.059889
0.058608
0.0417891
0.0569614
0.0504851
0.0669841
0.0746875
0.0781337
0.0502757
0.0282886
0.0131871
0.0390218
0.0307894
0.0399217
0.0497677
0.0349859
0.056607
0.0915693
0.0952107
0.0501972
0.0328111
0.0391979
0.093281
0.0731914
0.0812293
0.0607671
0.0615367
0.0642121
0.0473058
0.0450306
0.0486749
0.0716703
0.0791594
0.0942718
0.0857376
0.0719219
0.0488582
0.0481626
0.0516657
0.0658849
0.106741
0.123061
0.0694875
0.0593771
0.0652487
0.115296
0.157394
0.0984438
0.127663
0.100183
0.195781
0.17227
0.203489
0.125636
0.17382
0.151799
0.154024
0.0542523
0.034749
0.0277725
0.0235616
0.0290674
0.0257681
0.0319981
0.166269
0.230892
0.201634
0.295756
0.327534
0.176659
0.121719
0.0937767
0.0558261
0.0889073
0.171049
0.093281
0.0570774
0.0570601
0.0456997
0.0626358
0.0443667
0.0538233
0.0779425
0.0780445
0.0518258
0.0545619
0.0640983
0.0383088
0.0328058
0.0457661
0.0324935
0.0507157
0.0325327
0.114965
0.0764378
0.126602
0.17535
0.121075
0.063502
0.0264265
0.0343836
0.0173915
0.0305105
0.0294341
0.00295087
0.00201876
0.00189551
0.00432222
0.00296248
0.00318445
0.00402423
0.00702476
0.00651847
0.0065955
0.0145741
0.00284724
0.00310446
0.00478609
0.00462606
0.00367044
0.022509
0.0163453
0.00865917
0.00862725
0.00511627
0.00549928
0.00504029
0.00541723
0.00855352
0.00588165
0.00550852
0.00750008
0.00859366
0.00466649
0.00942429
0.00707983
0.0332602
0.0161018
0.0321838
0.0387735
0.0219368
0.0221583
0.0820115
0.121899
0.0740495
0.112256
0.0381565
0.0267255
0.0274621
0.0191912
0.0161357
0.0233316
0.0216975
0.0207047
0.0241611
0.0159038
0.017968
0.0179478
0.0237933
0.0238177
0.0294637
0.0290476
0.0266791
0.0344089
0.0254726
0.0228349
0.0343785
0.0373596
0.0269403
0.0354079
0.0214206
0.0314133
0.0223251
0.0167096
0.0151906
0.0134797
0.0184938
0.0168851
0.0189888
0.016968
0.0179395
0.014655
0.0179386
0.0210049
0.0179454
0.0273383
0.0253765
0.0321498
0.0367101
0.0495167
0.0404195
0.0260415
0.0305523
0.015302
0.0106445
0.0110578
0.0138157
0.0160309
0.0166925
0.0229915
0.0145525
0.0215783
0.0199112
0.0224432
0.0139819
0.0227815
0.0157332
0.028422
0.0157014
0.0196876
0.0132207
0.0241067
0.0107854
0.01513
0.00946281
0.0136313
0.00679626
0.00812514
0.0106343
0.0117735
0.0176936
0.0112648
0.0163495
0.0112426
0.0159477
0.0144735
0.020251
0.0259368
0.0220614
0.02015
0.0166868
0.0216973
0.0274331
0.0248324
0.0180666
0.0246988
0.0285055
0.0297081
0.0353034
0.0205862
0.0298942
0.0257957
0.0200435
0.0238442
0.0186343
0.0210167
0.0169894
0.0198893
0.038205
0.0229274
0.0411311
0.0307873
0.035056
0.0405769
0.0259157
0.0160357
0.0199862
0.0224895
0.0198606
0.0231471
0.028054
0.0378477
0.0415461
0.0526721
0.0480244
0.0752731
0.0806456
0.0817334
0.059562
0.0704138
0.0587048
0.0845627
0.0876184
0.0800693
0.0679747
0.0520957
0.0663149
0.090581
0.0675671
0.0873647
0.0925215
0.0753981
0.0637632
0.0361599
0.0318667
0.0576293
0.0401224
0.0276866
0.0126852
0.0201172
0.016388
0.0157985
0.0183838
0.0269403
0.0259716
0.0275921
0.0232103
0.0192591
0.0322199
0.0339954
0.0105583
0.00607326
0.00878665
0.0145645
0.0189634
0.015635
0.0272593
0.0218903
0.0220112
0.0165888
0.0168566
0.0142961
0.0196636
0.0268012
0.0106035
0.0169073
0.0243942
0.0260961
0.03018
0.0276145
0.0236613
0.0204709
0.0287824
0.0193378
0.0266402
0.0265237
0.029074
0.0243516
0.0169017
0.0241624
0.0230729
0.0217923
0.02832
0.0332092
0.0457257
0.0419575
0.0430853
0.0427068
0.0135946
0.0159709
0.015232
0.0352146
0.0190321
0.0150412
0.0161565
0.0244753
0.0238115
0.0339771
0.0269575
0.024807
0.0281442
0.028172
0.0187853
0.0230724
0.0250132
0.0513393
0.0281356
0.0308218
0.0277104
0.0423007
0.0434747
0.0513789
0.0568005
0.0563995
0.0361694
0.0478706
0.0458157
0.0453349
0.047892
0.0563303
0.0241525
0.0358715
0.0123581
0.0233587
0.0717438
0.0427346
0.0271208
0.0337859
0.0290338
0.0291923
0.0267884
0.0363382
0.0321977
0.0433727
0.013494
0.0153954
0.0173737
0.0206137
0.0181603
0.0161484
0.0297578
0.0270173
0.022172
0.0396868
0.0302202
0.0279038
0.0241833
0.0176541
0.0133693
0.0337325
0.0157176
0.0264314
0.0234744
0.0354346
0.0457487
0.0583427
0.0342439
0.0518468
0.0224408
0.0258594
0.0147971
0.0238002
0.020065
0.108581
0.0545909
0.0435166
0.0250426
0.0277222
0.0304855
0.0300281
0.0239222
0.0126104
0.0340281
0.0243309
0.0405569
0.0313753
0.0374727
0.0155706
0.0113558
0.0186083
0.010744
0.00865081
0.00366106
0.0134817
0.0252335
0.0271373
0.025638
0.00879945
0.00862674
0.00524386
0.00447292
0.00498297
0.00413747
0.00234673
0.00158503
0.00300829
0.00358363
0.0031153
0.00263696
0.00442476
0.00310446
0.00478609
0.00263351
0.00465925
0.00512945
0.0140852
0.0145741
0.0168924
0.00479561
0.00442638
0.00546501
0.0025431
0.00505303
0.00409067
0.00370515
0.00398048
0.00403159
0.00246316
0.00203653
0.00303997
0.00402423
0.00432222
0.00318445
0.00296248
0.00287764
0.00272291
0.00393243
0.00284724
0.0065955
0.0121499
0.00456729
0.00325365
0.00753366
0.0109296
0.00759625
0.00902375
0.0114296
0.00912477
0.0107263
0.00426485
0.0108285
0.0103479
0.00648908
0.00670184
0.00484606
0.00444831
0.00870058
0.00637188
0.00555979
0.0101296
0.0047501
0.00426785
0.00732035
0.00472386
0.00538016
0.00562154
0.00559731
0.00783354
0.0066427
0.00547073
0.0075399
0.00804521
0.00927675
0.0115178
0.00466649
0.00331998
0.00456078
0.00378875
0.00565102
